0.7091936
0.64817613
0.7672213
0.7391782
0.74919707
0.77166665
0.7053315
0.70308745
0.7289319
0.6579205
0.83050424
0.85813516
0.69885427
0.7098465
0.7722731
0.70719814
0.69949275
0.7068964
0.6887806
0.713596
0.7555811
0.9691284
0.7888851
0.6887846
0.6765895
0.7091185
0.70203006
0.6991569
0.7243819
0.7244913
0.7992043
0.71367997
0.76037836
0.70692307
0.69145447
0.70557946
0.7105305
0.74030143
0.76731145
0.70731866
0.7053823
0.7421168
0.6607377
0.8133607
0.8296706
0.6963947
0.6984067
0.7200396
0.7063837
0.7058952
0.7281644
0.6872528
0.7104595
0.75433195
0.83772105
0.72824293
0.7131377
0.7546702
0.6916136
0.7163631
0.7118606
0.7506948
0.73437905
0.74663275
0.71218896
0.6955509
0.70042497
0.6918458
0.70709103
0.70234203
0.70382303
0.704772
0.7240619
0.68763447
0.735896
0.6776275
0.75590324
0.7275067
0.7195212
0.7496978
0.7004074
0.7292531
0.706172
0.7231904
0.75337005
0.7173376
0.7244953
0.7697983
0.712917
0.74896353
0.8155912
0.69561774
0.6986938
0.7062921
0.72632754
0.71743476
0.7119518
0.7391878
0.69257057
0.69971406
0.70945525
0.6470158
0.7579983
0.81051993
0.8103498
0.7197518
0.6919278
0.79488575
0.6721179
0.93164915
0.84599364
0.71107334
0.713511
0.70682335
0.7650433
0.74027145
0.7801907
0.7149384
0.7366975
0.7637284
0.79943967
0.713128
0.79186565
0.8559245
0.6967982
0.7266289
0.71231765
0.7560407
0.72249556
0.7103013
0.7706374
0.6897117
0.701555
0.726957
0.674144
0.7830298
0.8022128
0.8054371
0.7121134
0.7095732
0.80159765
0.7034755
0.9427079
0.88731694
0.73589134
0.7218566
0.733205
0.80648315
0.73951805
0.79385436
0.7195507
0.7293429
0.7551829
0.74995995
0.71856374
0.8126666
0.87046885
0.6965097
0.7366692
0.7320247
0.78436965
0.74512064
0.7025917
0.80197275
0.70892227
0.707426
0.7205397
0.6644861
0.79093754
0.78181124
0.82349586
0.73399407
0.7175789
0.853083
0.7080512
0.91939396
0.8679382
0.7107299
0.7465322
0.71365917
0.77922577
0.7591517
0.7732031
0.72231287
0.7246859
0.73525333
0.7602747
0.72930974
0.82582456
0.8840324
0.69885665
0.73392993
0.7200531
0.7512768
0.74027145
0.714427
0.7836155
0.7044955
0.7115884
0.75339496
0.6603697
0.7628415
0.7813443
0.7672818
0.7408204
0.7261746
0.82199997
0.69429684
0.8857736
0.79507184
0.7243605
0.765035
0.74379283
0.81246203
0.73579484
0.7601228
0.7716635
0.75770056
0.7318373
0.71095616
0.7072841
0.79964983
0.90606904
0.7177704
0.7261852
0.7441826
0.7495824
0.7433299
0.7084556
0.81022215
0.726292
0.70680517
0.7530377
0.6901307
0.7778225
0.8037161
0.7971808
0.7683209
0.7443888
0.85313195
0.7120628
0.96380806
0.89156646
0.7125437
0.7493857
0.7129632
0.84270597
0.74874467
0.785957
0.7543733
0.7685431
0.74627984
0.76315403
0.7303434
0.8249731
0.9136122
0.6950356
0.73245144
0.7329342
0.75848633
0.76195085
0.71566635
0.8319338
0.721765
0.70012903
0.7595569
0.67483056
0.8037865
0.87108123
0.8227184
0.77319276
0.75285816
0.8476252
0.7140617
0.96389955
0.89511704
0.7323711
0.7800889
0.7482469
0.875485
0.74412465
0.78558004
0.76759946
0.7461103
0.75085056
0.7265285
0.71855503
0.84096533
0.8913112
0.69744855
0.7220135
0.72425306
0.7788476
0.7603207
0.7187313
0.8437695
0.7334576
0.71203035
0.7585678
0.6854606
0.76615703
0.84219265
0.8147722
0.7903306
0.7516666
0.759362
0.74560666
0.9939275
0.9453654
0.73206055
0.7597271
0.7476666
0.8952047
0.76879776
0.7927473
0.78046036
0.77666545
0.77584356
0.72636783
0.74593896
0.8415194
0.91003877
0.720429
0.74496126
0.7407857
0.7983662
0.76214194
0.717539
0.84122443
0.7419057
0.7014814
0.7466268
0.6532104
0.9204721
0.86628973
0.7613049
0.74435127
0.817825
0.79195344
0.90170705
0.89902645
0.77335167
0.8238841
0.854745
0.7605722
0.9135176
0.73097974
0.78084
0.8424846
0.8123511
0.7673179
0.68284565
0.7345601
0.84149593
0.85033274
0.74958897
0.77333343
0.7871832
0.73598677
0.735579
0.7218393
0.7714323
0.7811033
0.71111184
0.6831656
0.6426144
0.86241084
0.7280396
0.74241585
0.7354933
0.80382574
0.7203006
0.7537111
0.7411893
0.7516287
0.735935
0.72936106
0.76045024
0.7732719
0.75346553
0.79872143
0.77344847
0.7639438
0.82441527
0.87112296
0.7352907
0.8331249
0.9896612
0.73166853
0.7671597
0.76659334
0.7911248
0.8377197
0.748387
0.8689945
0.7438165
0.70492405
0.74388766
0.64199287
0.9380546
0.84300655
0.7779297
0.753701
0.8745843
0.8313985
0.90544176
0.7239107
0.8358108
0.75363445
0.793153
0.7476274
0.8203732
0.73323464
0.7755449
0.79630446
0.7566912
0.79944503
0.7563742
0.7444116
0.82604486
0.89242435
0.72375435
0.75209934
0.7796284
0.7430814
0.7496235
0.7292845
0.79742116
0.7711192
0.70085484
0.79410446
0.6705066
0.9248425
0.90561324
0.8044405
0.7699803
0.776674
0.80070317
1.091388
0.7805833
0.9519022
0.8172809
0.82652897
0.7901073
1.0019445
0.8505657
0.86140543
0.79583323
0.78289676
0.7993396
0.6892026
0.76723355
0.91093034
0.9012116
0.72349936
0.7450089
0.771733
0.75759536
0.75072646
0.7284835
0.84417754
0.7602031
0.70320314
0.6905229
0.6466096
0.79740614
0.7334016
0.7277991
0.7666738
0.762931
0.7585451
0.77257156
0.7557417
0.7962088
0.7534835
0.8051274
0.766619
0.79721946
0.75457436
0.80513245
0.7486212
0.7720471
0.75315225
0.88661456
0.7575652
0.87797534
0.9944489
0.7079581
0.7312814
0.79453045
0.7893294
0.7938466
0.74997234
0.8123673
0.7433592
0.7012389
0.72560215
0.65400386
0.9886067
0.84902215
0.77157617
0.7705261
0.9445869
0.855777
0.89647573
0.74468434
0.79116476
0.7697911
0.871711
0.88971347
0.8088428
0.80689114
0.82789534
0.87885064
0.8449249
0.816545
0.76602906
0.76815903
0.7757259
0.97005594
0.75992125
0.7690901
0.80846894
0.74837464
0.7589518
0.78268033
0.78480196
0.80945194
0.7017136
0.69666487
0.6468074
0.906624
0.81302035
0.7447844
0.83250463
1.0196116
0.7706805
0.7732068
0.8514181
0.7706531
0.7649907
0.8040329
0.8362633
0.796575
0.8312016
0.7845318
0.7747913
0.7820782
0.87573373
0.91665417
0.81758356
0.79596996
0.98362577
0.7277025
0.7259992
0.77947986
0.808084
0.7615967
0.73274326
0.7771404
0.75173163
0.7052125
0.82717085
0.7294453
0.8607873
0.90534437
0.8750652
0.8448911
0.7778095
0.81590027
1.0563842
0.8062029
0.99992335
0.8796096
0.8123088
0.8943703
0.82066506
0.9449702
0.8548668
0.84257823
0.8459183
0.80901366
0.71860874
0.7621426
0.8912159
0.9021805
0.7369645
0.7577007
0.77669257
0.7692243
0.77563685
0.7672807
0.8870702
0.8063131
0.70690733
0.78525037
0.65436625
0.9061822
0.8722891
0.7697601
0.7739301
0.82466054
0.81202006
0.95416325
0.7733455
0.84877336
0.7647637
0.90954125
0.932792
0.8149653
0.81362504
0.84951746
0.95702136
0.83713967
0.7890832
0.8405323
0.77278197
0.8174421
0.88781506
0.7742015
0.772759
0.78565264
0.7839403
0.7855001
0.8044137
0.7974216
0.8334331
0.70631003
0.76898736
0.6716275
0.91481894
0.91601264
0.7858087
0.77379674
0.8463578
0.8041594
0.9779609
0.7370129
0.82346797
0.77909106
0.88436246
0.9391145
0.7609969
0.80592376
0.8474454
0.87986934
0.9004531
0.782408
0.7456639
0.7831077
0.7936061
0.882965
0.7878009
0.779024
0.8204386
0.7879586
0.743761
0.77931166
0.77353597
0.7488786
0.7038404
0.69674546
0.65055823
0.8016307
0.7679168
0.7899478
0.75936896
0.7609299
0.7928214
0.84452045
0.74987745
0.9216657
0.8565466
0.8225776
0.8417391
0.78131056
0.80459607
0.79814273
0.7764386
0.7921055
0.75574756
0.95679075
0.7791211
0.85663533
0.98130226
0.7496576
0.78337145
0.7835465
0.89358085
0.8219326
0.76387966
0.84857243
0.8550353
0.70339495
0.7419625
0.6592966
0.9704483
0.88518435
0.8003964
0.7871517
1.0011758
0.8710284
0.9058364
0.7373175
0.7905441
0.819568
0.88477683
0.88682026
0.74330944
0.78707904
0.8034476
0.8400483
0.859836
0.82194036
0.83864033
0.79867166
0.7519096
0.90530634
0.7782917
0.79078126
0.8316557
0.7535937
0.789843
0.8733841
0.7405512
0.7925209
0.70388263
0.7073064
0.6947143
0.80503505
0.738255
0.7584216
0.76219845
0.78118217
0.77721727
0.82877696
0.74338114
0.76514363
0.76037073
0.8408493
0.7806177
0.81235695
0.7540585
0.7639817
0.7814222
0.770887
0.7722086
0.79729694
0.90826815
0.72657955
0.8127898
0.7323222
0.78241825
0.78708166
0.81859696
0.74356514
0.7639129
0.7944492
0.7953569
0.70949596
0.705188
0.673451
0.8265816
0.7403198
0.74780625
0.7796878
0.7529088
0.73955363
0.8229693
0.776458
0.73483044
0.840179
0.80999124
0.79377085
0.7717427
0.76624763
0.7455876
0.79044974
0.7386644
0.7983238
0.858821
1.0664968
0.74977577
1.0341569
0.7806697
0.8762132
0.85181755
0.8910651
0.836889
0.7810737
0.911727
0.77671593
0.708536
0.7998944
0.6739589
0.9449389
0.89879376
0.829939
0.79027545
0.8684365
0.8472259
0.94799423
0.7801545
0.85803086
0.7916124
0.9345116
0.9662312
0.8310477
0.8395519
0.8457416
0.8669776
0.9533044
0.8266696
0.85651195
0.89010936
0.7868322
0.8988975
0.7973604
0.7917956
0.80585176
0.8590758
0.7620398
0.8353624
0.80407685
0.7722634
0.69830257
0.8354798
0.66512513
0.96955055
0.8812429
0.8038044
0.77698135
0.8958186
0.85761464
0.95185643
0.75781
0.83418965
0.7974079
0.8662833
0.86818695
0.7722042
0.84189147
0.8953419
0.88817066
0.93230385
0.8246808
0.90330416
0.85258794
0.76084435
0.78486097
0.7426963
0.75937706
0.8105273
0.80973834
0.78344095
0.81093115
0.7931842
0.787104
0.7024977
0.85394734
0.6815553
0.948216
0.9885514
0.88356876
0.83260745
0.86626464
0.85711145
1.1293415
0.815468
0.97333133
0.833602
0.90454835
0.9898269
0.8718399
0.9480138
0.7868524
0.85895634
0.9703504
0.8814038
0.87400436
0.7201205
0.7802973
0.849164
0.9120623
0.77681506
0.8683498
0.8043489
0.80410445
0.7735231
0.92117846
0.8366564
0.70112216
0.76933765
0.65153515
0.9718194
0.88572055
0.82349426
0.80896336
0.91107213
0.85173625
0.87491316
0.7563789
0.84544605
0.79948
0.87847453
0.89536494
0.7648439
0.7816185
0.87288916
0.8797611
0.90886134
0.7546443
0.96556
0.96217465
0.79458094
0.8252656
0.9876992
0.72739583
0.80524427
0.7909459
0.8039293
0.7438248
0.79844356
0.77034736
0.69997835
0.70290226
0.7019403
0.77686465
0.7813255
0.7313
0.75842035
0.8070495
0.8896868
0.842161
0.755226
0.8665147
0.809114
0.830652
0.8697951
0.8022754
0.78411186
0.85349137
0.80960286
0.8512357
0.8265934
0.8617234
1.1344978
0.85579956
0.80428237
1.0330591
0.77537405
0.8357204
0.9384566
0.77278084
0.79656476
0.8787767
0.7836308
0.70328987
0.6961984
0.65083504
0.7986859
0.7664023
0.80617094
0.85073763
0.82899
0.8274434
0.87144274
0.795773
0.9771936
0.93251616
0.93824804
0.89876676
0.82145983
0.8960867
0.8123517
0.8364346
0.967478
0.8063979
0.88751745
0.8007678
0.7815347
0.8866855
1.0907949
0.77614427
0.8151797
0.79774475
0.82804537
0.8769285
0.8924879
0.8327924
0.699397
0.7665248
0.65328765
1.01434
0.80939543
0.74212205
0.7929917
0.96670055
0.86327004
0.83671266
0.8294223
0.87314343
0.7840394
0.89825016
0.8236405
0.80451
0.82795805
0.8862607
0.8993006
0.8220422
0.78861517
1.0159237
0.9902875
0.76135135
0.86557734
1.0540512
0.73886293
0.7648072
0.8013281
0.811583
0.75406075
0.8657091
0.83689094
0.703516
0.706416
0.66629064
0.83211
0.75897056
0.8460957
0.7716076
0.8197994
0.82270706
0.8272424
0.73251086
0.8802809
0.818351
0.8915601
0.8534864
0.85843116
0.9744027
0.8410253
0.8570521
0.8631631
0.8778365
0.88184565
0.98305047
0.79059136
1.0052145
1.2182143
0.84969515
0.803673
0.84656703
1.0357623
0.8308754
0.91580313
0.8162909
0.7041754
0.88957214
0.70587575
0.96344936
1.0022736
0.8988006
0.8040541
0.8497429
0.9010716
1.1387146
0.8242025
0.96563804
0.82886404
0.940634
1.0097686
0.87103105
0.97757936
0.7865673
0.8413086
1.0121719
0.9832516
0.86482024
0.7670139
0.76607174
0.80943537
0.90274835
0.8176048
0.87161016
0.8594508
0.77519035
0.80590266
0.8072789
0.84229624
0.70186156
0.8185955
0.67340404
0.99357307
0.9196473
0.8370891
0.8127504
0.971549
0.8924442
1.028042
0.8360464
0.8933124
0.82170665
0.9766474
0.9969504
0.85230035
0.885074
0.9124425
0.9318492
0.99191356
0.86154926
0.8594318
0.9098761
0.8282551
0.7472124
0.9998264
0.82842016
0.83340394
0.85195017
0.89030963
0.81046647
0.86659646
0.8115929
