0.6989212
0.7187946
0.68469566
0.67150474
0.7480633
0.8100381
0.76640356
0.75877917
0.7045052
0.700774
0.6970308
0.73824286
0.6804801
0.7570597
0.8604147
0.65902495
0.7565525
0.7209662
0.70527726
0.70956117
0.70518184
0.7070318
0.6735033
0.7018833
0.7607101
0.8372377
0.76729673
0.71684694
0.70723265
0.7201904
0.70103854
0.7491508
0.70642513
0.7069562
0.72256637
0.7024186
0.6772224
0.71900046
0.78490627
0.74079704
0.77319485
0.6989484
0.6949421
0.7046051
0.74542516
0.68120545
0.75879234
0.83179307
0.6709739
0.7313376
0.706833
0.7126817
0.6888074
0.7221983
0.7202844
0.67888415
0.7032433
0.7323172
0.76659214
0.7224408
0.70388
0.70832473
0.7885361
0.7122341
0.77352357
0.71556795
0.70345795
0.70107466
0.78901213
0.7197501
0.70348334
0.77655214
0.76752734
0.78397053
0.7051848
0.7116663
0.7148942
0.7403655
0.69337064
0.79891926
0.8220977
0.6838781
0.73422486
0.71045005
0.7245691
0.695543
0.72019076
0.7206505
0.6908247
0.7218686
0.7275473
0.74559236
0.7344506
0.70323163
0.7184154
0.80468833
0.72734743
0.7997552
0.7171358
0.6994234
0.7032528
0.7256602
0.6889801
0.7268792
0.80349445
0.7734275
0.73379076
0.7673286
0.73006886
0.734365
0.7625712
0.6945506
0.7307974
0.7458926
0.75033003
0.7182329
0.719187
0.73907846
0.71892655
0.7171924
0.711777
0.7117445
0.74614644
0.74733835
0.79284847
0.74924
0.7058253
0.73717695
0.7762498
0.7299148
0.7776327
0.7305603
0.71535134
0.7102022
0.7790674
0.7119441
0.7252124
0.8241748
0.77578396
0.8013283
0.7313448
0.71474135
0.75031596
0.782274
0.70153064
0.7497145
0.79369694
0.73434603
0.71641475
0.723395
0.73820746
0.712836
0.7142274
0.70545334
0.7214117
0.7390079
0.73793674
0.78874886
0.7599335
0.71551967
0.7379228
0.79498136
0.719583
0.77077127
0.7161296
0.7090343
0.7088342
0.77141833
0.6997982
0.6889138
0.92116094
0.8641198
0.8693019
0.7450485
0.71548283
0.7661985
0.8163003
0.7192553
0.7947013
0.8733032
0.72419995
0.7459471
0.7437552
0.7956331
0.7054403
0.7373306
0.71680343
0.7358748
0.7618304
0.7484465
0.78149074
0.7799214
0.7209274
0.7352882
0.80079126
0.7259419
0.7650128
0.7275599
0.70544744
0.71143407
0.7178044
0.6837991
0.7052228
0.8321776
0.7660188
0.74688864
0.8558932
0.78008544
0.7785731
0.799229
0.7145567
0.7255986
0.72838223
0.8385904
0.7542968
0.7311151
0.7409704
0.7767292
0.7285005
0.73110825
0.7576327
0.7395966
0.79166824
0.8912444
0.76978827
0.71808285
0.7352695
0.7795644
0.7718927
0.84306836
0.7674378
0.70425856
0.711272
0.7438403
0.69833994
0.68966395
0.8186904
0.87028486
0.8379557
0.76334345
0.7727566
0.79714906
0.8878149
0.7533504
0.7666574
0.7595353
0.83943915
0.76732284
0.74340546
0.75977397
0.7348274
0.73247737
0.7189328
0.7807317
0.7635178
0.76478636
0.8127049
0.783751
0.7261733
0.761016
0.79394644
0.7340043
0.7827302
0.7385152
0.70355314
0.71575755
0.7402491
0.6811346
0.71898913
0.902043
0.8371611
0.7419684
0.84031254
0.76077104
0.7572328
0.81548584
0.71344924
0.75099444
0.738098
0.9068144
0.7591928
0.72694886
0.7611804
0.81277037
0.7491822
0.7421331
0.7554521
0.74492574
0.8196824
0.9499149
0.8329
0.7346618
0.7623838
0.8663889
0.777756
0.84911525
0.78031623
0.7238339
0.71266496
0.80948305
0.72530675
0.71099144
0.90929174
0.9537157
0.7995672
0.75423205
0.7785788
0.83430403
0.92825973
0.76859814
0.8599259
0.8825135
0.85320777
0.7660396
0.77965415
0.8216954
0.753593
0.74996877
0.7386924
0.764438
0.81161267
0.74917424
0.78077245
0.7794547
0.72989047
0.7673939
0.81236345
0.74010634
0.7492094
0.7363147
0.7130498
0.7189169
0.77515876
0.68535537
0.73919874
0.8997969
0.8453526
0.7415966
0.7391654
1.0167352
0.81089664
0.8671725
0.7416446
0.76943105
0.7277238
0.9364763
0.7884919
0.769748
0.7342445
0.8300054
0.7675665
0.7930572
0.8255915
0.7649851
0.8115474
0.960214
0.89747345
0.7597071
0.7809683
0.8380292
0.79327893
0.8443454
0.7829104
0.71836776
0.7180758
0.8011689
0.7164407
0.7371573
0.95676166
0.944119
0.7784687
0.73346347
0.98493445
0.8397063
0.9233002
0.7402832
0.7838405
0.80846834
0.9523042
0.7766195
0.76648045
0.7872407
0.7597561
0.7389223
0.7690473
0.76873654
0.778583
0.79423547
0.89106536
0.84444267
0.7625329
0.7451331
0.823616
0.76621914
0.79080886
0.76608616
0.6995577
0.7108678
0.8063649
0.72513336
0.71329933
0.8648902
0.96407056
0.8626243
0.7776053
0.9012586
0.869204
0.84726036
0.7743108
0.87018645
0.7991449
0.9266212
0.7936645
0.7637265
0.80248785
0.78954715
0.7571858
0.7417713
0.7728701
0.78936493
0.7719948
0.8651463
0.8103186
0.74812883
0.78556514
0.79695106
0.74671966
0.77868795
0.7427255
0.7052392
0.74255687
0.71224296
0.6940795
0.73795646
0.81392777
0.75476265
0.83468664
0.7815827
0.9805828
0.7465971
0.7555286
0.7900079
0.8045032
0.7266984
0.8572904
0.7633463
0.7996851
0.8040076
0.93803656
0.7754833
0.8487335
0.7551838
0.7786244
1.0142629
0.99193835
0.8227089
0.7497147
0.810178
1.0165207
0.86315715
0.97431004
0.79558
0.7008107
0.74119675
0.73967516
0.69949186
0.7906956
0.8836298
0.76187146
0.7677301
0.7549439
1.0544386
0.7968712
0.7497765
0.75691015
0.86676884
0.7307972
1.0538404
0.7716192
0.7987704
0.81279325
0.91956925
0.8030285
0.7897905
0.7932211
0.7749082
0.94999754
1.0316991
0.81541586
0.7660693
0.80725104
0.9176225
0.8267672
0.9486458
0.8064692
0.70780075
0.7474624
0.7432163
0.69014233
0.80459166
0.9502778
0.802371
0.7770417
0.7536075
1.1394906
0.811828
0.75148314
0.7974647
0.8367038
0.8287074
0.96073276
0.74914753
0.7949445
0.87048155
0.9818768
0.8494602
0.79882574
0.7929419
0.8015872
0.97386557
1.1100973
0.82428604
0.7773835
0.81611526
0.8807382
0.8296511
0.9389373
0.85144
0.70435154
0.7526203
0.71214175
0.7120986
0.75622225
0.9014591
0.7425524
0.8753451
0.78468025
0.9639152
0.7441654
0.7489373
0.7647695
0.87228686
0.7828249
0.75007945
0.7864443
0.7706947
0.7847454
0.78154063
0.7585512
0.84166336
0.7692103
0.7622087
0.84823155
0.86921644
0.7712858
0.77598464
0.82512355
0.96905327
0.8286691
0.86475456
0.7676069
0.70667434
0.7359676
0.7299062
0.72225404
0.7855542
0.88956684
0.7442509
0.85266155
0.782813
1.0335305
0.7723436
0.7722491
0.8054617
0.9597634
0.8029938
0.7611891
0.79961765
0.79938865
0.82675576
0.8980545
0.8249054
0.80399644
0.72411764
0.80608326
0.9660944
1.0112453
0.82817113
0.76959604
0.8015379
0.9872687
0.9108822
1.0276423
0.84676427
0.70944947
0.76520425
0.76558036
0.6855506
0.8035768
0.99505794
0.85275775
0.7724716
0.76773685
1.1038364
0.8620771
0.76971346
0.8272613
0.8271312
0.8148852
0.74152
1.0123554
0.76821864
0.79267555
0.91078746
0.8370131
0.8237687
0.82671666
0.784677
0.91883546
1.0408559
0.9269185
0.8166934
0.8115352
0.8732071
0.81226206
0.945698
0.85825574
0.716616
0.7459942
0.77616525
0.69685555
0.7997546
1.0330638
0.90146524
0.7604306
0.766725
1.1592908
0.8751838
0.78221726
0.82263696
0.85094404
0.8229865
0.7742937
1.0419822
0.802837
0.7758585
0.92146856
0.864138
0.87148935
0.8137531
0.77171654
0.9359331
1.0755076
0.9071303
0.80346024
0.7920857
0.88837224
0.8503756
0.9337959
0.8575723
0.700879
0.72500384
0.7503178
0.7268654
0.7552771
0.8032989
0.7514202
0.86679983
0.7414318
0.88052905
0.7803289
0.8542185
0.8345352
0.83809626
0.83959466
0.89630187
0.7508294
0.8187125
0.81806946
0.8606546
0.7701751
0.8248279
0.7505361
0.7674496
0.8507358
0.8999636
0.787636
0.78454673
0.860214
1.0596907
0.84725773
0.89452326
0.79990786
0.7008656
0.7588668
0.73066527
0.7417329
0.81925154
0.9189338
0.7508185
0.8568524
0.8109833
1.085099
0.8126935
0.7638921
0.8274189
0.93763596
0.8048776
0.76534206
0.863608
0.7916411
0.8468909
0.81983656
0.8926616
0.80262303
0.7804223
0.83630836
1.0567157
1.1544148
0.87083524
0.7951507
0.829776
1.0311743
0.9018458
1.0636889
0.8440306
0.70832026
0.7475128
0.76750106
0.71202034
0.85290205
0.99434865
0.8255427
0.8069781
0.78175
1.1710644
0.8484424
0.7680673
0.7915994
0.92327124
0.8686798
0.7752998
0.9636809
0.80726504
0.84603727
0.8880013
1.0040027
0.8479221
0.8431588
0.7974316
1.045476
1.1736042
0.97069466
0.83777255
0.8234373
0.8505832
0.883258
1.0650901
0.91621614
0.7092936
0.7668007
0.73575485
0.70984626
0.8493951
0.9680923
0.7633302
0.8248394
0.7658777
1.0633593
0.833678
0.77597
0.83531433
0.88848484
0.8384528
0.76343185
0.7759222
0.8284868
0.7935608
0.8024739
0.8424767
0.80064976
0.84855413
0.7970372
1.0611519
1.0289629
0.8023673
0.78851634
0.85292745
1.0383936
0.871935
0.9358595
0.8150133
0.71243954
0.7585565
0.75192666
0.72298276
0.80284846
0.94813293
0.8013043
0.82493335
0.8045843
1.0273354
0.81360424
0.774065
0.7911158
0.9076261
0.79859877
0.7459011
0.84554195
0.79042464
0.8597122
0.84979206
0.92791396
0.80734
0.8329836
0.8533416
1.0319874
1.109341
0.82148755
0.8186186
0.82966375
1.0286196
0.87822586
1.0417203
0.83773804
0.71164125
0.78414047
0.75244725
0.7147588
0.82058316
1.0195444
0.7984092
0.8237384
0.7886621
1.1350555
0.814534
0.7689835
0.80337536
0.9437266
0.8298512
0.75829995
0.91447335
0.8161973
0.84273946
0.9068427
0.9944595
0.873788
0.82342046
0.79629713
0.84467477
1.1992055
1.0554249
0.92220354
0.8418194
0.92639965
0.90023005
1.0834483
0.9161616
0.70014256
0.70859134
0.7465169
0.74204844
0.7763617
0.80023587
0.77667266
0.8638643
0.831138
0.9223448
0.8261064
0.86277455
0.8678754
0.8914518
0.8109843
0.9239613
0.7577954
0.90547466
0.84445316
0.8226134
0.8049988
0.8322133
0.895865
0.83749175
0.79617375
0.8255836
0.78871727
0.8037697
0.81129616
0.926631
0.82948035
0.93035173
0.7688165
0.7079061
0.788182
0.7475189
0.73033714
0.82628745
0.98791987
0.78867126
0.84890693
0.82128495
1.1367996
0.80556965
0.7639627
0.8078511
0.9241156
0.8195683
0.7567755
0.9386584
0.8011161
0.8471589
0.9110461
0.9592033
0.85206324
0.84113264
0.82356155
0.8528275
1.0634964
1.0831745
0.8914398
0.8004301
0.94437265
0.8781427
1.0837203
0.8541777
0.70047
0.7729035
0.7333385
0.7481332
0.7756921
0.8536674
0.9366605
0.84804183
0.7767519
0.98658055
0.81795067
0.8243624
0.86483824
0.9169247
0.81641406
0.7838436
0.8613647
0.8986373
0.8403655
0.8343122
0.9539552
0.8375809
0.8777483
0.7693667
0.8581066
0.9808595
1.0065707
0.77683747
0.86915976
1.1050233
0.88062805
1.0403782
0.7854055
0.6996379
0.764758
0.74608696
0.73649657
0.88124764
0.92663264
0.7539797
0.91136134
0.7928586
1.0577911
0.8232258
0.78330344
0.8302019
0.943941
0.7591618
0.75808126
0.81276155
0.816218
0.8916819
0.82225364
0.86383736
0.77286106
0.86833966
0.8554344
0.81021446
1.0063626
0.8921628
0.7573666
0.90091425
1.1165195
0.88471234
0.9640091
0.75710714
0.6992976
0.72496676
0.7170017
0.7182266
0.77142185
0.77992713
0.82593596
0.85438645
0.7903196
0.8338921
0.7851695
0.8185493
0.8241421
0.80468607
0.9034672
0.9689188
0.73795813
0.86004174
0.81349415
0.8240397
0.77195185
0.8371081
0.7805207
0.8452367
0.7470586
0.9151835
0.95895773
0.82552063
0.81338674
0.9572044
0.9685914
1.0569798
0.87396556
0.69733703
0.7376195
0.70964426
0.733845
0.7467156
0.7973604
0.7429979
0.92269826
0.78830004
0.7874846
0.8304001
0.82266456
0.7947919
0.82422477
0.90302587
0.91161495
0.7574244
0.82195365
0.8161644
0.84217715
0.7954035
0.8130604
0.8162322
0.78471
0.7489701
0.7859758
0.78593767
0.8221475
0.79515976
0.91087717
1.0736655
0.93265367
0.8249936
0.7121209
0.7976196
0.7805666
0.7143191
0.8773461
1.0664593
0.8359512
0.8530674
0.7812562
1.2162192
0.84853196
0.772218
0.8326917
0.9843245
0.86327386
0.7531368
0.941169
0.8325536
0.9079871
0.94288915
0.9958594
0.87184083
0.85604614
0.88160694
0.85249776
1.1439929
1.2205517
0.8825406
0.84089994
0.8622348
1.0470569
0.96114254
0.96290517
0.7095242
0.82164323
0.7614933
0.7313403
0.90693605
1.0463982
0.80729854
0.8263008
0.80565166
1.2711488
0.8893596
0.77498406
0.84452575
0.90422314
0.8749397
0.7853424
1.0284696
0.8403664
0.8764734
0.8852917
1.0052457
0.8466
0.85542643
0.8767053
0.87452656
1.122561
1.1232083
0.84714246
0.8593663
0.86328435
1.0265183
0.9000767
1.0258738
