0.6916536
0.7301207
0.72879624
0.6948916
0.7047469
0.70331234
0.71240985
0.7041061
0.7114169
0.7019221
0.716609
0.7243961
0.6853134
0.66280144
0.81716496
0.78343546
0.67556816
0.7257904
0.6743413
0.71338224
0.7071355
0.7543357
0.7047502
0.7443719
0.730892
0.67591333
0.70042324
0.78024644
0.7082442
0.6697763
0.7040844
0.6654215
0.7045229
0.7059552
0.7056287
0.6963715
0.7415583
0.70486754
0.7174891
0.66992164
0.7356284
0.7288571
0.70857716
0.72498757
0.69653994
0.67699605
0.6388962
0.9668755
0.8506465
0.6879281
0.7454899
0.6845013
0.703503
0.7103131
0.6726137
0.68877894
0.80497456
0.80325496
0.6753074
0.70102894
0.75625116
0.7027633
0.7224339
0.71749026
0.71745443
0.70893
0.7114285
0.72567636
0.7028521
0.70453364
0.7279023
0.76295334
0.6702622
0.7394527
0.71771777
0.7220145
0.7121431
0.69682926
0.6738054
0.6377173
0.943908
0.8402723
0.7023029
0.71632636
0.7157353
0.7221151
0.7278691
0.70878315
0.69442564
0.7776743
0.7622203
0.6913428
0.7076763
0.7361301
0.71327555
0.7418554
0.71523345
0.72350365
0.71637714
0.7129285
0.74029243
0.70101595
0.6742655
0.78310716
0.80439085
0.6761509
0.7535374
0.7115247
0.7508209
0.71893233
0.695498
0.69413644
0.6412685
0.91524976
0.791948
0.7343027
0.7222425
0.7593159
0.73883164
0.7423666
0.776232
0.7015804
0.73839164
0.7387193
0.71438825
0.713932
0.7420464
0.717957
0.7266915
0.72137505
0.72337943
0.7334905
0.7068169
0.75511265
0.7024737
0.7322108
0.7304483
0.7082506
0.7553439
0.7121891
0.72981447
0.70372623
0.7657876
0.73819685
0.68336993
0.65670735
1.0038707
0.8953254
0.6955541
0.73407894
0.7446133
0.7527356
0.73338276
0.69372994
0.6995473
0.85606885
0.7669414
0.7345767
0.7309194
0.75593853
0.73852897
0.7643406
0.7228748
0.7090792
0.72630125
0.69771075
0.69437313
0.77725744
0.76853275
0.70819706
0.71043426
0.76541996
0.71718323
0.73389703
0.7312703
0.7745159
0.7534765
0.68258125
0.659624
1.0202706
0.9322906
0.7055207
0.7257386
0.7250414
0.7495095
0.74179244
0.69418067
0.7092577
0.92629635
0.7905545
0.72244316
0.72207445
0.7288986
0.7543013
0.7954034
0.7247483
0.717966
0.7292625
0.697542
0.7744217
0.7161387
0.7710835
0.6442301
0.75337857
0.7137289
0.7379216
0.72482234
0.74830055
0.7339923
0.7077017
0.6700477
0.6399636
0.9861245
0.8381425
0.7658951
0.7486396
0.79283506
0.7719947
0.7454493
0.7368562
0.7080802
0.76842684
0.7205526
0.776058
0.734468
0.750309
0.71739316
0.72726953
0.734871
0.720472
0.762022
0.70154834
0.73465943
0.73481905
0.7867335
0.6571033
0.73318404
0.722747
0.7323588
0.7465972
0.8532811
0.72943676
0.7604297
0.723257
0.688284
0.96072686
0.8471408
0.7356432
0.7771032
0.78367114
0.7424273
0.76574945
0.80108654
0.7226933
0.8103784
0.7519894
0.73591995
0.7593908
0.7865487
0.746488
0.75559825
0.73609805
0.7502655
0.7359229
0.7011737
0.7492459
0.726557
0.77849376
0.67259717
0.74391174
0.7347547
0.776815
0.7450359
0.753737
0.78298837
0.79171866
0.7017556
0.6587198
1.1048259
1.0547892
0.76390374
0.7631816
0.7563584
0.77171445
0.80800533
0.66615456
0.7240359
0.91644424
0.77899444
0.74732065
0.73632616
0.76083726
0.77181184
0.82693005
0.7832802
0.7429414
0.7474376
0.7118499
0.77434677
0.7071099
0.7429039
0.64736664
0.83728266
0.7822813
0.71998715
0.74207133
0.7609
0.72994
0.7200183
0.6997289
0.67211646
0.93189204
0.82784885
0.7742969
0.7535325
0.7992014
0.821907
0.7759085
0.86758935
0.7618442
0.7380172
0.7710041
0.78412163
0.746505
0.83954334
0.73630047
0.7418914
0.726318
0.72545844
0.7838515
0.69863397
0.7447211
0.75525403
0.7740442
0.7399546
0.722885
0.7540699
0.7669246
0.7654301
0.7732937
0.77450716
0.7394795
0.7075888
0.68047804
1.1928179
1.051737
0.7267688
0.7673737
0.8325894
0.7988183
0.8089776
0.7063553
0.7341101
0.9197923
0.7900798
0.7654084
0.76738405
0.7707906
0.81403714
0.84398574
0.7640682
0.76761115
0.762545
0.7095216
0.8143397
0.7075198
0.7398398
0.6412457
0.8287611
0.81411475
0.75749546
0.75008476
0.76750195
0.80717146
0.72425073
0.77050483
0.73960507
0.902982
0.914735
0.76710784
0.75629914
0.78555465
0.79662174
0.7574601
0.8274612
0.7540611
0.7823614
0.7701527
0.7565438
0.76692796
0.81281257
0.72257566
0.7526995
0.7631536
0.7847272
0.7647276
0.70039225
0.6967457
0.8283615
0.77322614
0.8553652
0.7242599
0.74778485
0.7758648
0.77425194
0.8099193
0.76198465
0.841739
0.76954544
0.7212494
1.0926865
0.97911096
0.7753145
0.7750216
0.83801484
0.8000392
0.7841376
0.74640536
0.7405799
0.8937439
0.81056845
0.73908824
0.76181746
0.7631352
0.80813295
0.8362788
0.7576198
0.73827296
0.7706233
0.7219001
0.81487364
0.7077454
0.75534135
0.64313287
0.8720252
0.78873354
0.75846905
0.77025366
0.7562015
0.77777284
0.78724587
0.7568253
0.7216214
0.905428
0.84732085
0.8059859
0.784487
0.79467547
0.80800045
0.7822545
0.8338001
0.78711843
0.7905333
0.805542
0.7624328
0.7621922
0.8483744
0.7490626
0.79162127
0.78152823
0.79729456
0.81702393
0.70180297
0.69095063
0.80922765
0.7428212
0.8887799
0.7609413
0.7515925
0.7194419
0.8400612
0.8199777
0.7649758
0.7765638
0.7387283
0.72470754
1.089831
0.90948766
0.7997513
0.74970424
0.7989896
0.82701457
0.80846596
0.7844273
0.7675321
0.8394486
0.79738575
0.79157126
0.763524
0.79588234
0.7546585
0.74627924
0.7459899
0.7401725
0.8018582
0.6997644
0.78833467
0.74057615
0.7694342
0.69098604
0.76238006
0.78730226
0.81283826
0.76854426
0.7471287
0.7463716
0.7896876
0.8057648
0.6986431
0.69646466
1.121123
0.78918606
0.853631
0.74260616
0.79837525
0.85783947
0.6977314
0.74390465
0.9821547
0.8128479
0.74588764
0.7831036
0.7588901
0.79615664
0.9042612
0.84840566
0.75836563
0.8243221
0.69777864
0.69465464
0.84493357
0.743589
0.8292743
0.7547932
0.76368296
0.7195674
0.7944668
0.8546969
0.80520433
0.7954726
0.7710047
0.698918
0.6800086
1.0934303
0.7520659
0.7961544
0.7525384
0.8656571
0.80964285
0.7075025
0.7649204
0.9914428
0.87062454
0.8566568
0.7983975
0.7938725
0.8268696
0.8830756
0.798166
0.7848674
0.8827385
0.6998489
0.69488287
0.75977266
0.7161335
0.9185747
0.75546163
0.81637555
0.7530015
0.8390673
0.83391565
0.8223547
0.7685231
0.73065954
0.7318998
0.6987171
1.0881209
0.85744107
0.7798879
0.87409574
0.81082124
0.8204193
0.74408066
0.77468634
0.9034849
0.8447446
0.90041757
0.81483173
0.76817286
0.84128445
0.88703734
0.7657435
0.7580604
0.86740714
0.70753163
0.8539855
0.7139946
0.7877852
0.6352912
0.88344926
0.8129132
0.8151425
0.78646517
0.7849757
0.7897663
0.78928477
0.78104293
0.7386045
0.6683788
1.0246954
0.93457425
0.81398594
0.86504203
0.8356335
0.85054785
0.8472314
0.7666449
0.80780196
0.80693126
0.82859766
0.77457553
0.84601223
0.74512917
0.78407294
0.78845894
0.7969454
0.8445045
0.69984156
0.76739347
0.7542163
0.7605382
0.7626089
0.7607262
0.7847353
0.85738677
0.75376433
0.74362326
0.7685981
0.79723334
0.8117336
0.7138001
0.69266844
1.1272442
0.9712893
0.8319142
0.81621206
0.8997257
0.9730371
0.72625625
0.75389504
0.9610012
0.8182126
0.76752347
0.7839244
0.7634791
0.83195776
0.8026642
0.78951925
0.75491107
0.86959755
0.69844
0.824555
0.73313177
0.82222795
0.65996104
0.81682616
0.78352296
0.83534294
0.77867496
0.7840157
0.7821594
0.8095212
0.76829225
0.7286932
0.7072848
1.2016277
1.0068941
0.7957604
0.8546272
0.94481623
0.8479863
0.7877452
0.77097267
0.9386601
0.82262456
0.8404532
0.83529013
0.7885505
0.8156885
0.8578745
0.7801867
0.74828315
0.827143
0.7008887
0.7656033
0.7651454
0.7905678
0.7164064
0.7711139
0.77643573
0.8437221
0.80670995
0.8017443
0.75596714
0.8036076
0.8191572
0.7030172
0.6948761
1.2977502
1.0291072
0.8404973
0.82572496
0.98081523
0.8496283
0.7409433
0.76445657
0.8651995
0.7828771
0.82504904
0.81143075
0.8077783
0.82966685
0.856883
0.7505751
0.75691116
0.84917235
0.7124668
0.85524356
0.7128317
0.7900006
0.6217848
0.85980487
0.7961669
0.86318165
0.8371464
0.7928983
0.7950138
0.7946042
0.81900585
0.73779345
0.7109698
1.1062615
0.9895664
0.7492653
0.79158795
0.93855596
0.88490826
0.8722608
0.78201145
0.80550736
0.8132026
0.98125124
0.8267152
0.82668453
0.8164559
0.82649636
0.77168334
0.71402925
0.9986353
0.6983038
0.6938016
0.86848485
0.7690868
0.9868238
0.75938845
0.86265796
0.8104323
0.84429973
0.88092065
0.7699187
0.8864261
0.84581625
0.760869
0.7185547
1.3490287
1.2279282
0.79704964
0.864361
0.8914983
0.86767066
0.84203225
0.7327951
1.0179585
0.88854027
0.7758553
0.8738218
0.78978217
0.8349527
0.8691478
0.7898043
0.8019098
0.8375959
0.70232993
0.82240546
0.7325015
0.799688
0.6882911
0.79401517
0.8057011
0.8822561
0.8169135
0.8047919
0.81706125
0.8386884
0.8510054
0.7240583
0.6756104
1.2094436
1.0620881
0.7987653
0.81047285
0.95446575
0.9032966
0.8854344
0.777036
0.77246
0.8020923
0.8084917
0.76625407
0.8251351
0.78473634
0.7904827
0.7686208
0.74006313
0.8379999
0.70480263
0.8539641
0.7231401
0.8215221
0.6413906
0.82693964
0.7725529
0.9011576
0.80146575
0.8342484
0.7875437
0.87277
0.80776143
0.7025862
0.6733836
1.0677179
1.0395476
0.77274525
0.7938286
0.9323274
0.8745941
0.84411216
0.8687521
0.7347772
0.89643383
0.82123923
0.75393546
0.83862066
0.76585877
0.8132007
0.7577747
0.7831379
0.8224106
0.7025516
0.6908756
0.7291243
0.72409993
0.9874656
0.79897743
0.9448944
0.77220327
0.8557343
0.84396017
0.8745147
0.8483743
0.80343115
0.8214811
0.7503762
1.0170559
0.89317536
0.8754786
0.8195403
0.9212224
0.8490966
0.83287656
0.92971027
0.7661115
0.8095372
0.780243
0.79142565
0.8225665
0.77827024
0.8236867
0.78002244
0.78795403
0.8010758
0.7007519
0.8851123
0.7279745
0.8857047
0.64465666
0.8022157
0.7690968
0.9417724
0.84924316
0.7884749
0.77695996
0.8675345
0.8729036
0.69420743
0.6753571
1.2316648
1.0601748
0.8330836
0.7769577
0.88812387
0.86251116
0.88752943
0.7485287
0.7650848
0.88791597
0.7927337
0.86355126
0.81833357
0.8070328
0.83870286
0.81572205
0.7607623
0.88900536
0.7129037
0.8749306
0.723693
0.83997905
0.64133227
0.9049177
0.78604937
0.8399413
0.8397615
0.7984447
0.79520255
0.7905447
0.8261827
0.7398511
0.714008
1.1284962
1.0095031
0.81110144
0.8139725
0.9406758
0.8608699
0.84892225
0.87642205
0.76167595
0.83368725
0.85044694
0.83765644
0.81651014
0.76439863
0.76270974
0.8093781
0.7540315
0.8721163
0.7002826
0.6955685
0.7400217
0.7695102
0.85474277
0.9238528
0.91420275
0.75803435
0.8116596
0.82663006
0.91435635
0.8385953
0.7707011
0.76553476
0.7244876
0.9448424
0.9330328
0.90495294
0.9093348
0.869799
0.9058856
0.92351747
0.86951214
0.8045041
0.8615862
0.896981
0.8721634
0.7845105
0.8756716
0.86876047
0.861811
0.85311735
0.85686976
0.69777995
0.90496635
0.7224192
0.8312599
0.63130677
0.8718906
0.83612245
0.9318133
0.8253789
0.8121488
0.8111394
0.8052829
0.8539661
0.7564781
0.7366305
1.0907816
1.0326191
0.80561846
0.8016729
0.9287536
0.8818164
0.8483805
0.8621197
0.7623224
0.89268255
0.8260219
0.84108025
0.80205274
0.841549
0.76789206
0.8020899
0.8353875
0.7996462
0.71115303
0.90723926
0.7172745
0.8251815
0.6266179
0.9368402
0.8168943
0.87133855
0.85301983
0.8250959
0.8292451
0.82632715
0.82634985
0.75334364
0.70217025
1.1261163
1.0514979
0.8019537
0.8265785
0.9524938
0.95340246
0.84780186
0.8419987
0.7694205
0.86002487
0.8318605
0.91816056
0.8257252
0.91685814
0.801722
0.84605277
0.76749647
0.8614998
0.6985071
0.7096368
0.9467924
0.79275
0.9692702
0.78235525
0.7556474
0.815375
0.8214469
0.88313234
0.8019265
0.87355864
0.8936595
0.80363095
0.76319355
1.4936811
1.0979725
0.9013853
0.8194113
0.9328573
0.9034027
0.91620994
0.73419815
0.8165822
1.0747433
0.8624859
0.8434936
0.87524414
0.8308172
0.8451471
0.8456024
0.81064653
0.8610133
0.70641947
0.92103356
0.7224287
0.84148306
0.63029814
0.9169846
0.80868113
0.84655035
0.8252923
0.7986673
0.8096527
0.8329606
0.83735657
0.7830336
0.7455511
1.1739647
1.007669
0.76705325
0.7926147
0.9332774
0.8498254
0.8608342
0.78698844
0.7722042
0.87187797
0.8217333
0.8921699
0.8144403
0.8668883
0.79812664
0.87534225
0.80669814
0.75989854
