0.68328464
0.66725093
0.8427712
0.7662543
0.6815138
0.7004801
0.70580506
0.7085873
0.7834791
0.73839146
0.71554995
0.7766949
0.709669
0.7128715
0.7087555
0.70281756
0.703861
0.7010983
0.705262
0.6991575
0.70119226
0.7019098
0.7163155
0.7045515
0.69499177
0.7420573
0.73325276
0.70147455
0.7163678
0.70226985
0.7022026
0.7109257
0.70898056
0.71380675
0.7058896
0.69734335
0.70229924
0.7238234
0.7037719
0.72679895
0.7123479
0.6929345
0.7121603
0.702543
0.7198693
0.71437216
0.71881974
0.7066547
0.70890856
0.7102811
0.73009354
0.7467432
0.7036886
0.7068533
0.6970782
0.7129693
0.7044931
0.698619
0.73137414
0.7166387
0.7048371
0.7001897
0.70156574
0.74521637
0.7169636
0.71376
0.70292985
0.7651568
0.7025372
0.70367867
0.693874
0.699757
0.77381754
0.7057929
0.70081854
0.71474034
0.70725846
0.7461669
0.7236899
0.7453932
0.71934456
0.70902264
0.71444607
0.72313106
0.7544043
0.7068627
0.70703214
0.7156535
0.73636156
0.7099316
0.6986786
0.7393681
0.73225373
0.70574415
0.69817597
0.7114392
0.76926553
0.724897
0.72175884
0.7104363
0.7654097
0.70909166
0.7246812
0.6894456
0.73578405
0.8188557
0.71930987
0.741983
0.74913025
0.74668807
0.80078256
0.7353458
0.75180006
0.7649809
0.71618676
0.7142946
0.7247327
0.74199283
0.72210765
0.70747125
0.71470916
0.759691
0.7379568
0.71819395
0.7788765
0.75911796
0.71630806
0.7114426
0.72675425
0.79934764
0.7347369
0.7405984
0.6916114
0.8215267
0.70329297
0.80880773
0.72198105
0.7500637
0.83847255
0.71848005
0.75506496
0.7722644
0.7890117
0.8483261
0.7481553
0.7597445
0.7724805
0.7166301
0.72022796
0.7285056
0.7334925
0.71108615
0.7088555
0.708432
0.7555512
0.74510396
0.7339812
0.77872705
0.76804227
0.7351856
0.7169648
0.7367816
0.7856568
0.75454205
0.7463344
0.70157224
0.82913625
0.70363045
0.77609026
0.7805915
0.739174
0.7893733
0.722087
0.78865826
0.7888285
0.76295745
0.79626083
0.74652654
0.8029714
0.81442416
0.7230459
0.7247371
0.7199568
0.7593429
0.7201017
0.71991473
0.7130993
0.76513165
0.7457811
0.7293612
0.7548187
0.7524792
0.7345071
0.71488243
0.7411973
0.8062206
0.74925315
0.73387307
0.6990144
0.8462577
0.71557474
0.80041355
0.7770685
0.7172353
0.7759303
0.7241093
0.80104125
0.78636754
0.7735487
0.776546
0.74271643
0.82961506
0.8503144
0.7254711
0.73252696
0.73300886
0.7790794
0.7232148
0.71165395
0.72518486
0.766281
0.7574387
0.736707
0.77487373
0.76427466
0.7376275
0.7283795
0.7414886
0.8046049
0.75084823
0.753502
0.71125
0.80130494
0.72301275
0.8014131
0.793434
0.7137797
0.71637887
0.7233355
0.7362856
0.72954637
0.7373453
0.7242535
0.7412401
0.78144544
0.7629429
0.7321864
0.7259077
0.77688384
0.7927561
0.7539727
0.72406113
0.83047676
0.75996405
0.7433287
0.7288466
0.77051425
0.7599697
0.71687776
0.73717415
0.73730445
0.808845
0.7797902
0.74638796
0.6933072
0.7886648
0.6896044
0.92687035
0.84627706
0.7165923
0.7290345
0.70691895
0.85139316
0.82172835
0.7991593
0.7648251
0.76421005
0.91130817
0.90697604
0.7391352
0.7580903
0.75137347
0.81174654
0.78538984
0.76228946
0.7264912
0.80970323
0.7567379
0.7461033
0.7467443
0.73303854
0.75613225
0.7318082
0.7575811
0.8314286
0.76533544
0.7424619
0.7110541
0.86166245
0.72387254
0.7956723
0.80746484
0.720785
0.7309902
0.748073
0.76295704
0.79810977
0.805986
0.83064216
0.7517905
0.8418159
0.86424327
0.759101
0.74852955
0.7508658
0.80176353
0.74581635
0.7366442
0.75766116
0.800882
0.76696575
0.74079925
0.75841385
0.7683804
0.7504869
0.77046347
0.76284754
0.8166342
0.7645976
0.73243165
0.6923136
0.8098701
0.68831635
0.9558348
0.85800964
0.7211303
0.7377204
0.70849305
0.8091663
0.9266709
0.7663655
0.73955446
0.7769143
0.96438456
0.96960014
0.7706059
0.7322405
0.77645105
0.86026406
0.7843842
0.7898577
0.7357681
0.79038525
0.7989207
0.7550863
0.75828946
0.76573527
0.7537769
0.7498014
0.7810254
0.85269266
0.79734546
0.76397496
0.70486
0.8982333
0.70775306
0.8514104
0.8606664
0.75427693
0.72919667
0.754477
0.79557294
0.87989175
0.8145061
0.78582454
0.7674712
0.87020284
0.8927572
0.74085057
0.7545594
0.7494831
0.834144
0.77441
0.7729187
0.7613468
0.803311
0.7660608
0.75551754
0.75891846
0.7431623
0.75999004
0.72938514
0.76973236
0.7960629
0.76699233
0.732507
0.6958486
0.9047756
0.6975501
0.9481606
0.88837844
0.7405814
0.734855
0.735584
0.83895457
0.9462465
0.7995803
0.7787903
0.76792526
0.8643982
0.86159164
0.7396197
0.78770274
0.7770951
0.79841167
0.7701433
0.7471416
0.76054966
0.77719355
0.7577437
0.7605862
0.7666017
0.77845174
0.75451285
0.7552791
0.7624264
0.8151087
0.76796
0.7562367
0.6943877
0.9071034
0.6866112
0.91912115
0.8862348
0.73882514
0.73463845
0.7075148
0.8384156
0.87488043
0.78318155
0.7630156
0.7027891
0.9346588
0.88751924
0.773302
0.76040494
0.7864604
0.8786341
0.79339254
0.7560899
0.78375083
0.79493785
0.77409947
0.7408761
0.76514053
0.7713461
0.774035
0.751996
0.7693844
0.8370992
0.78572124
0.77046144
0.69654644
0.91371274
0.7087944
0.93933535
0.8880574
0.7633826
0.72788227
0.7167816
0.81982046
0.95557237
0.84049386
0.7646382
0.7344088
0.8476443
0.9376209
0.8456477
0.8320214
0.74308795
0.8840149
0.7868339
0.78364134
0.7764742
0.8037243
0.79010624
0.76406264
0.7523741
0.7800336
0.8041787
0.75484157
0.8026616
0.8168678
0.79247737
0.7967576
0.70806944
0.94444597
0.72657984
0.8537235
0.86062276
0.74548244
0.7421262
0.7769172
0.8022139
0.8636793
0.7973369
0.75612336
0.71897274
0.8291229
0.96867794
0.7758347
0.7655874
0.75474274
0.8126322
0.7491422
0.78650117
0.75828576
0.78326696
0.79744595
0.76619244
0.78452253
0.77279675
0.7866843
0.7618511
0.79054457
0.8037177
0.7652747
0.73800087
0.7097893
0.8918555
0.70423394
0.88483524
0.9353961
0.738027
0.75697875
0.7232475
0.8692873
0.8860491
0.7866922
0.7665564
0.713891
0.8321029
0.95764196
0.84658515
0.7606274
0.83276874
0.97490096
0.8402586
0.87042207
0.7818942
0.8047841
0.78694206
0.7681058
0.7744667
0.7716652
0.758151
0.764354
0.77238107
0.7967992
0.78941464
0.7381064
0.7167886
0.93423325
0.7215139
0.84106565
0.8542076
0.75472665
0.7409229
0.7488957
0.8115585
0.8758342
0.80097526
0.7500597
0.71099305
0.84785336
0.9677944
0.8793537
0.7553799
0.7701162
0.89569324
0.81245685
0.7724741
0.7999223
0.82220525
0.80141115
0.7710551
0.76781803
0.7665974
0.7712435
0.7659305
0.80396646
0.8668608
0.77925146
0.75256044
0.69913733
0.9496975
0.70070446
0.96835744
0.9139242
0.75860935
0.74884176
0.7384288
0.89465326
0.95518136
0.78451914
0.7726798
0.70039654
0.8584744
0.989361
0.9066346
0.76573443
0.7842494
0.922108
0.8461648
0.8953944
0.76079285
0.8408849
0.8011061
0.7979033
0.76410896
0.76840997
0.83696115
0.7893074
0.7935448
0.83231837
0.7862923
0.73592484
0.7009677
0.92737097
0.72206944
0.9480607
0.88705367
0.76273066
0.74702966
0.75171375
0.8740463
0.9296937
0.805277
0.756603
0.7091105
0.87774646
0.9821146
0.87167466
0.75950897
0.79059625
0.8435333
0.8489303
0.8014489
0.7645154
0.8498779
0.81887084
0.7864749
0.7952795
0.7784862
0.7947442
0.7781038
0.793746
0.8451963
0.77941966
0.75907
0.69494087
0.9954959
0.71604985
0.9878007
0.9571182
0.77140963
0.7358417
0.75681376
0.8560088
0.959605
0.84024423
0.75320685
0.7298286
0.8632217
0.96461165
0.9195457
0.773397
0.7700101
0.83341515
0.8807007
0.80790114
0.8172469
0.8516304
0.847973
0.787151
0.80657315
0.7977308
0.81104267
0.78585035
0.7909684
0.917337
0.79687196
0.74811476
0.71971035
0.91085434
0.75366837
0.8847443
0.8765374
0.76046395
0.74551564
0.75787014
0.8603674
0.9127939
0.8107528
0.7763524
0.7035831
0.8773288
0.9956614
0.89041257
0.7743288
0.7993628
0.84490895
0.9034481
0.82961357
0.792024
0.82541955
0.83681786
0.80762213
0.7822765
0.75995433
0.7874062
0.8144903
0.8031593
0.90485585
0.80992675
0.7611889
0.69707084
0.9401459
0.7117419
1.01979
0.9444331
0.7492925
0.73921615
0.7173284
0.85392207
0.970102
0.8280599
0.7980267
0.70863
0.87626106
1.0304021
0.8961208
0.79803187
0.79637897
0.84642386
0.9507149
0.847499
0.8164368
0.823094
0.798254
0.83376116
0.78034514
0.7938043
0.83665067
0.8110831
0.8251323
0.8774375
0.7984389
0.7695566
0.6939258
1.0171628
0.7029711
0.9850639
0.9724444
0.78416497
0.75371647
0.7178474
0.92235637
0.976862
0.79708296
0.8015076
0.7157029
0.967026
1.0825261
0.92084414
0.8080444
0.8407328
0.8543245
0.99112034
0.90023196
0.8621179
0.8536036
0.8375002
0.8246422
0.8029491
0.8014608
0.85926884
0.8079972
0.8093498
0.8694311
0.81791496
0.73861337
0.69429624
0.81337
0.6821669
1.1194196
0.8596367
0.7241994
0.9087124
0.7963722
0.903282
0.8776239
0.8143405
0.85086614
0.7327314
0.8276249
0.8807862
0.7697991
0.8462671
0.8301211
0.9032591
0.95839965
0.8698183
0.78625035
1.0200775
0.7993538
0.7714417
0.76392615
0.8342417
0.7646182
0.87055916
0.7698537
0.8074095
0.8091523
0.8181194
0.7111125
1.0284626
0.75985134
0.9166752
0.9214491
0.7944343
0.7636508
0.7788359
0.874042
0.9467201
0.8364399
0.78839976
0.7141449
0.86653864
1.0216018
0.9392137
0.7761233
0.7801316
0.84721994
0.9172646
0.83375883
0.8113134
0.90827227
0.85942703
0.83184004
0.829326
0.7885149
0.7985044
0.78841543
0.79277295
0.9034038
0.78457785
0.750181
0.7058045
0.9746208
0.7017376
0.99177724
0.97983885
0.77697986
0.80407554
0.74608594
0.96274763
0.95342684
0.80336964
0.79093516
0.70534766
0.9331385
1.0523605
0.9265032
0.7962773
0.8138737
0.8949583
0.98838985
0.86120224
0.8270546
0.93350184
0.8679416
0.7933527
0.8075041
0.7809903
0.7741145
0.788905
0.80579734
0.8180381
0.82356936
0.736871
0.69233596
0.88178
0.700194
1.1515454
0.9789533
0.73899055
0.8160535
0.7528914
0.9013684
0.9997441
0.8299623
0.829777
0.71019125
0.9321934
1.0428282
0.8970913
0.84435487
0.8166581
0.903257
1.1120762
0.90552366
0.8617662
0.87903583
0.81837684
0.8176349
0.7817869
0.78438693
0.77817506
0.8101988
0.82780576
0.8503385
0.82069093
0.77697617
0.7195379
0.9883822
0.7347336
0.91962075
0.9424832
0.7828993
0.7621422
0.7609707
0.8824044
0.91534925
0.81519604
0.77940667
0.71411407
0.8937437
1.0606581
0.9078511
0.80031157
0.81765085
0.8823687
0.9674349
0.8528253
0.79697514
0.94703376
0.8319325
0.8161601
0.77144194
0.81744564
0.80286115
0.79950416
0.8023171
0.8249608
0.82412505
0.7565764
0.70773023
0.94949985
0.7293732
1.0051626
0.9266052
0.76767784
0.7727264
0.7484826
0.9119656
0.9225036
0.81047297
0.79179394
0.6975243
0.9349275
1.0365161
0.9302637
0.81239027
0.81537074
0.9018402
1.0382046
0.8795762
0.8167802
0.96504796
0.83927214
0.8351679
0.82314545
0.7967137
0.8228029
0.7776398
0.83578026
0.78865016
0.8264509
0.7742018
0.70579433
1.0284343
0.71818286
1.0107177
0.9450768
0.7667476
0.7719351
0.73377687
0.9174756
0.99043745
0.8522151
0.79438007
0.7202014
0.96290934
1.032752
0.9656338
0.7917255
0.8185653
0.8514802
1.0036656
0.88445723
0.83342814
0.9735085
0.8895346
0.85818565
0.8354262
0.80509377
0.817345
0.79414606
0.79328954
0.80104923
0.83427274
0.7634619
0.6955355
0.8524365
0.6950247
1.0778321
0.92698026
0.7648189
0.8899798
0.81299466
0.96853787
0.9283209
0.83004785
0.8516375
0.73271745
0.895409
0.92922974
0.78979313
0.84728754
0.8669485
0.8602016
1.1029649
0.8998235
0.8773362
1.2249748
0.8676962
0.86713505
0.771483
0.8254528
0.8692722
0.7890756
0.8630488
0.80931586
0.84993756
0.8024225
0.69414234
1.0214127
0.70527774
1.0230147
1.0455306
0.8100239
0.7793415
0.7577686
0.916145
0.9528902
0.8198114
0.7834736
0.72104704
0.9187169
1.027925
0.9047291
0.85932904
0.8096324
0.94486135
1.0444309
0.8799584
0.8656224
0.9623701
0.87786984
0.8782544
0.7994845
0.7962353
0.84434986
0.79462945
0.8190603
0.806418
0.8782302
0.76844984
0.70694506
1.0152318
0.7212233
1.0288893
1.0064296
0.79053307
0.76880383
0.7393112
0.91141164
1.0651482
0.86078733
0.818202
0.7075655
0.9494329
1.059549
1.018108
0.83771443
0.81631225
0.9102545
1.026303
0.8583276
0.8595923
0.91472775
0.85564923
0.8568959
0.82763976
0.7903975
0.82889605
0.8008361
0.79569626
0.8325466
0.8518993
0.83477336
