0.696106
0.70623827
0.702598
0.70334756
0.69468117
0.7131462
0.70536304
0.70139205
0.7117785
0.700325
0.7032255
0.6995379
0.69783723
0.6940076
0.690578
0.7048223
0.7102645
0.68877083
0.7020627
0.67944515
0.71756214
0.7192148
0.6989842
0.7229327
0.69908243
0.7031974
0.6978709
0.6960187
0.68890405
0.69786835
0.69794613
0.69419056
0.6947229
0.69290924
0.69508123
0.68620455
0.697603
0.69676757
0.6894189
0.70094675
0.6972112
0.70811373
0.69723856
0.700168
0.69632065
0.7050983
0.69723356
0.6982473
0.69350135
0.6954841
0.69439346
0.6947564
0.6966553
0.69260263
0.69344056
0.7014866
0.69421035
0.69433975
0.69490284
0.69497246
0.6923402
0.6923615
0.69486606
0.6934827
0.6964361
0.6924878
0.6944881
0.69348073
0.69995046
0.6914256
0.6907772
0.685247
0.6952213
0.68940353
0.6902512
0.68201613
0.7000548
0.69925255
0.69990283
0.69998354
0.7086302
0.68739027
0.6963721
0.69210947
0.7088081
0.71700746
0.69849914
0.6815489
0.7039063
0.6928943
0.6936371
0.69395626
0.6846428
0.6946605
0.6947949
0.69394255
0.6940784
0.69384056
0.69423646
0.69395775
0.69573855
0.6944701
0.695517
0.7003534
0.69892675
0.6911768
0.6952512
0.6936128
0.69367355
0.6942024
0.6940363
0.69439197
0.6864964
0.6967319
0.69845456
0.6923064
0.69521433
0.69981873
0.69582736
0.71017486
0.68624896
0.68287295
0.70826244
0.6921989
0.6916495
0.68326193
0.6962919
0.70232594
0.6846024
0.68984747
0.70030224
0.6898241
0.67637074
0.69693226
0.7147778
0.69181913
0.697174
0.7000305
0.7001285
0.6907673
0.6898165
0.6924108
0.6859213
0.69394565
0.68984246
0.6854868
0.7016409
0.68918043
0.6948122
0.68804115
0.6985862
0.68848497
0.6951187
0.6838434
0.7000718
0.70951194
0.71616596
0.6878568
0.7120339
0.69750214
0.69786686
0.6930863
0.69394255
0.69426626
0.6940001
0.68907577
0.6918625
0.6945466
0.712411
0.69458777
0.7006445
0.68944657
0.6987194
0.6791461
0.6971697
0.6950808
0.70383275
0.70301294
0.6977783
0.6898849
0.70097184
0.6946111
0.6997024
0.6917774
0.6934972
0.69365954
0.6933942
0.695263
0.69206667
0.6907716
0.6967565
0.68653834
0.6971302
0.67912817
0.6916181
0.6650288
0.6966783
0.6918806
0.68695676
0.7066492
0.6988158
0.6793045
0.7070449
0.68639576
0.68616873
0.6728476
0.6992516
0.6995508
0.708581
0.6993912
0.7187894
0.7039213
0.7049667
0.7010263
0.703779
0.70628035
0.6942166
0.6974113
0.694206
0.69516903
0.6949451
0.6977906
0.68597496
0.7009742
0.6919519
0.6973727
0.6881324
0.70175904
0.6804345
0.694452
0.6980875
0.7170667
0.69861436
0.69967777
0.6995126
0.6945577
0.69089144
0.6936793
0.6931292
0.6905869
0.69873255
0.6959195
0.7044376
0.689917
0.6942275
0.68763334
0.69591343
0.69680023
0.68522006
0.7061319
0.6874232
0.7029033
0.70138586
0.69215506
0.6946856
0.6943144
0.687392
0.69742775
0.6831325
0.69045687
0.68970424
0.694569
0.7027904
0.68477
0.6877763
0.68540776
0.6993091
0.6873659
0.68839324
0.6880884
0.7009287
0.6828383
0.7133683
0.71617436
0.6795563
0.6966112
0.69546556
0.6917611
0.6985905
0.68060577
0.694516
0.7031788
0.69164926
0.70109653
0.6974058
0.69228107
0.6997323
0.69355696
0.6946873
0.69231015
0.6913184
0.6909944
0.6973846
0.69194514
0.697698
0.6924186
0.6840568
0.6976994
0.69544244
0.6986733
0.69873935
0.70606434
0.7008376
0.69188094
0.6957419
0.68893576
0.6938964
0.69720316
0.6950519
0.69295955
0.69359696
0.6950623
0.695874
0.6939513
0.6965271
0.68696713
0.6958268
0.6869082
0.69806534
0.69178325
0.69192946
0.6991353
0.6919605
0.67777574
0.70562583
0.6791781
0.6768709
0.6956659
0.7081918
0.6871074
0.6919287
0.71610737
0.66636753
0.6964146
0.700634
0.71076596
0.6877978
0.6814672
0.6985631
0.7078017
0.69456965
0.68983585
0.6944164
0.69618905
0.69568825
0.6930204
0.6954489
0.6939034
0.69241625
0.692991
0.70058626
0.69432795
0.6948236
0.6927108
0.6979403
0.6938319
0.69298506
0.6905318
0.6945227
0.6914127
0.69249266
0.69491065
0.69618964
0.6980431
0.6960578
0.6938484
0.6924643
0.6930706
0.69343495
0.69440365
0.69538605
0.69359565
0.6904732
0.69079256
0.69986564
0.68755156
0.6862867
0.69167125
0.6981792
0.71777713
0.69950336
0.6914776
0.7062583
0.6812301
0.7029373
0.7074324
0.696794
0.6943616
0.6892739
0.69368494
0.69156
0.69287306
0.6974115
0.69531655
0.6938695
0.69252074
0.69451386
0.69345593
0.6951613
0.695626
0.6954324
0.6943071
0.694132
0.69358295
0.6924449
0.6934701
0.69473284
0.6915061
0.6938389
0.69210297
0.69184124
0.6909983
0.6925281
0.70196474
0.68701255
0.6879792
0.6921231
0.6719732
0.6920272
0.68031937
0.6958634
0.7025179
0.6972095
0.69746983
0.7333962
0.7156468
0.7022189
0.68213904
0.6850745
0.69785845
0.6847285
0.6966257
0.68783855
0.70119613
0.705109
0.7008117
0.7005683
0.6996618
0.68972576
0.691896
0.6936785
0.695087
0.6951783
0.69468975
0.69321406
0.6952604
0.69421166
0.69420356
0.6983479
0.6937341
0.69239366
0.69370437
0.6935372
0.6939365
0.692311
0.6917001
0.6864419
0.70531785
0.6944662
0.69545627
0.7057346
0.6988282
0.68649507
0.69835293
0.7005078
0.6921154
0.69488275
0.69067943
0.6872921
0.69817764
0.6919816
0.679634
0.6918787
0.701637
0.6944986
0.69472337
0.69638234
0.69431335
0.7019342
0.6959289
0.6906833
0.68975
0.6945454
0.6948233
0.69379425
0.69339436
0.6937667
0.6932635
0.6892548
0.69488454
0.7046416
0.6966401
0.6990716
0.6963988
0.6920104
0.69321245
0.6932412
0.6893193
0.69252855
0.6899042
0.6916886
0.6921516
0.7065016
0.6917083
0.7060568
0.7051719
0.70046604
0.6957953
0.6927963
0.6944207
0.69451517
0.69246435
0.69156444
0.6954963
0.69828355
0.6918189
0.6803032
0.7062936
0.68828064
0.69671106
0.7017958
0.67529476
0.675676
0.6864761
0.6918514
0.67336863
0.70578194
0.71528196
0.71107775
0.6786267
0.6924797
0.70501053
0.71638596
0.7054946
0.7126672
0.69156647
0.70787835
0.700088
0.6952586
0.69111097
0.6938303
0.6946509
0.6949464
0.7009454
0.7067939
0.69697636
0.6935721
0.69161403
0.6961333
0.6913752
0.6935742
0.6960489
0.68885916
0.6923208
0.6829408
0.6917192
0.69541365
0.70986503
0.70155597
0.691977
0.70684856
0.70010775
0.70757496
0.69168925
0.66727525
0.7073752
0.69823194
0.70235074
0.69204676
0.7010714
0.6941138
0.6977419
0.6953724
0.69409215
0.6943301
0.69467324
0.6956363
0.6939733
0.6954214
0.6837374
0.698354
0.68601966
0.68935734
0.6972364
0.6987215
0.70550466
0.68800724
0.7010604
0.7026011
0.69724685
0.70134085
0.6862951
0.6948751
0.6946404
0.69482726
0.69356763
0.69550204
0.6887848
0.6909983
0.6962209
0.6855146
0.7038466
0.6838647
0.6894371
0.71155274
0.7080832
0.69583106
0.68442553
0.70904565
0.7082301
0.70526123
0.6876701
0.69589025
0.69554317
0.6897614
0.69428945
0.6930778
0.6967545
0.693931
0.6945368
0.69722915
0.69926167
0.6954688
0.6946635
0.69177586
0.6940909
0.6898348
0.69821703
0.70124793
0.69198984
0.7010497
0.6982939
0.70015657
0.68728155
0.6888809
0.68732536
0.6895361
0.6908026
0.69914836
0.70134264
0.69709104
0.70139176
0.68883353
0.70178306
0.6941247
0.68298227
0.6850001
0.6920798
0.68899155
0.6992235
0.6999899
0.6853808
0.70093477
0.68364054
0.69509053
0.6916025
0.6984966
0.6818587
0.7003188
0.68904686
0.69194907
0.6890372
0.70209175
0.6917106
0.68163764
0.6951361
0.6987425
0.6968622
0.70284927
0.7098742
0.69435036
0.6926243
0.68963176
0.6956048
0.6939441
0.6939252
0.6936428
0.69291264
0.69797426
0.69665134
0.69482756
0.6941823
0.69258714
0.6899337
0.6948336
0.6970655
0.6833719
0.7023994
0.6897639
0.7014166
0.69082236
0.6924663
0.69405264
0.69108516
0.6983123
0.6951839
0.6966152
0.7000709
0.6936948
0.6932699
0.6880935
0.70259833
0.6994494
0.6887801
0.70478547
0.69795686
0.6956994
0.70230633
0.69493866
0.6784078
0.7019907
0.6923105
0.6944973
0.68694407
0.68995595
0.69191086
0.6845829
0.6919123
0.6864708
0.68448937
0.6950503
0.68811923
0.69156206
0.6767806
0.6917556
0.7021543
0.6807218
0.6923148
0.7131318
0.70479643
0.717009
0.7192937
0.6773334
0.7063639
0.7033638
0.7054659
0.6840378
0.70087314
0.6908138
0.69372463
0.6935304
0.69183207
0.6939556
0.6936939
0.69518214
0.697733
0.6894175
0.7009146
0.6939499
0.69209015
0.69382477
0.6907023
0.6997098
0.69819236
0.70340973
0.69547206
0.69276124
0.6915676
0.7094503
0.68512964
0.713695
0.68782985
0.71255744
0.70642036
0.710303
0.69932085
0.6825917
0.6943605
0.6977089
0.69600075
0.6948208
0.6933386
0.6941824
0.6928004
0.6948862
0.698414
0.6967363
0.6954854
0.6963498
0.6975297
0.6936873
0.6913394
0.69351935
0.69512665
0.6945005
0.6943145
0.69428474
0.69621605
0.6955181
0.6925006
0.69362813
0.69195163
0.6933816
0.6946061
0.69252515
0.6948039
0.68982
0.69039166
0.7005134
0.69218093
